"","median_weekly_pay_2018","median_house_price_2018","l4_plus_share_2011","enterprise_count_2018","la_imd_decile","arts_council_per_head_201819","jobs_density_2018","gva_2018"
"median_weekly_pay_2018",1,0.788188734591348,0.67454726527826,0.0538058773178898,0.700001128543092,-0.0899026655957259,0.345612939590214,0.574571075670674
"median_house_price_2018",0.788188734591348,1,0.742660430440831,0.0151688212726199,0.732731146303489,-0.0620285824536704,0.40749287396611,0.541431225006376
"l4_plus_share_2011",0.67454726527826,0.742660430440831,1,0.183505744825813,0.762448470208316,0.105931469080627,0.494120676279292,0.426842241254841
"enterprise_count_2018",0.0538058773178898,0.0151688212726199,0.183505744825813,1,-0.064313533870221,0.274531738046057,0.156795092724916,0.0526285135023448
"la_imd_decile",0.700001128543092,0.732731146303489,0.762448470208316,-0.064313533870221,1,-0.181393467492744,0.263062310508644,0.418953021747652
"arts_council_per_head_201819",-0.0899026655957259,-0.0620285824536704,0.105931469080627,0.274531738046057,-0.181393467492744,1,0.284122013405536,-0.0554630794249662
"jobs_density_2018",0.345612939590214,0.40749287396611,0.494120676279292,0.156795092724916,0.263062310508644,0.284122013405536,1,0.373819382962437
"gva_2018",0.574571075670674,0.541431225006376,0.426842241254841,0.0526285135023448,0.418953021747652,-0.0554630794249662,0.373819382962437,1
